6452
2116
5781
3684
4292
6460
6066
5770
6731
3681
5346
5073
4721
3695
2112
5771
4592
6457
5768
6462
2849
6472
6652
3699
5196
6454
3691
2738
5347
5039
6469
5205
4903
3682
5358
6479
2115
4723
3348
3066
2122
6729
3683
2201
166014
964108
3685
6473
4813
3249
6075
2127
1058228
5773
4483
6456
3694
3765
4479
6491
5354
166016
896894
6458
791534
861777
3273
4726
3722
4941
3064
3689
5538
5103
1876
6290
3702
5997
6453
2117
6487
3692
1039899
3558
1038093
3693
5787
2842
2747
3058
2111
6474
3081
5944
3706
2516
3255
6467
3705
3071
9621
7763
7214
1007170
9272
893259
9061
8926
9952
10204
10561
10559
9269
7219
840134
784453
7063
8325
11998039
7217
9489
10557
7652
9945
7439
8336
7570
906118
167013
9944
10562
7535
9606
8103
8327
8326
9548
7225
8334
7215
9604
9605
9292
7220
188565
7662
7122
8329
973004
9615
9178
8330
9943
704004
10199
9102
9612
7760
1024308
9940
7898
7537
975482
7061
981005
10558
8259
7235
10565
8332
10200
10571
10371
7890
7896
7891
8918
9352
8753
7907
8151
7762
10209
8677
10572
8614
9939
8331
961358
10580
9941
10296
7216
10782
10203
9780
7591
7221
10750
9942
711683
11127
12707
13193
12977
11679
12437
11562
827728
12438
11370
12971
12985
12081
11830
947021
189873
13283
11564
12111
11097
13223
13418
11358
12712
11265
751129
12264
2092
13279
12639
1040065
226672
1196009
900084
13282
11759
12054
12709
12261
1047337
11558
1033013
11514
11761
12181
13421
794014
13584
11359
173002
13580
11762
13598
11363
858267
11001
12269
11776
11742
691012
13200
1006074
12266
12442
12115
13581
12263
11365
9263
11890
1019047
12604
11371
1049310
12651
11767
11096
11560
13593
12436
13579
13286
11015
11952
12439
13416
13540
1050282
11760
13321
12840
13587
1032426
12537
13638
12444
12721
12877
11257
