  (0, 34160)	1
  (0, 22755)	1
  (0, 36230)	1
  (0, 41728)	1
  (0, 34890)	1
  (0, 24222)	1
  (0, 19824)	1
  (0, 21078)	2
  (0, 59074)	1
  (0, 47891)	1
  (0, 22107)	1
  (0, 53848)	1
  (0, 56914)	1
  (0, 24947)	1
  (0, 27348)	3
  (0, 23140)	3
  (0, 23139)	3
  (0, 24419)	4
  (0, 39614)	4
  (0, 36386)	4
  (0, 60160)	6
  (0, 10502)	7
  (0, 44309)	6
  (0, 21829)	3
  (0, 19163)	3
  :	:
  (301, 59316)	2
  (301, 13423)	5
  (301, 9699)	20
  (301, 34972)	3
  (301, 39500)	1
  (301, 32078)	8
  (301, 23660)	11
  (301, 30561)	2
  (301, 51398)	1
  (301, 23759)	12
  (301, 54663)	14
  (301, 27766)	7
  (301, 57094)	1
  (301, 12961)	5
  (301, 12942)	6
  (301, 25447)	6
  (301, 50826)	2
  (301, 116)	1
  (301, 36221)	1
  (301, 50025)	2
  (301, 53079)	6
  (301, 38279)	1
  (301, 10479)	1
  (301, 23641)	3
  (301, 47450)	4
